maru 410 529 410 529
maru 490 528 490 528
maru 781 365 781 365
maru 947 328 947 328
maru 1017 373 1017 373
maru 1157 364 1157 364
maru 1080 817 1080 817
maru 202 855 202 855
maru 231 856 231 856
maru 266 855 266 855
maru 325 856 325 856
maru 357 854 357 854
maru 391 856 391 856
maru 424 857 424 857
maru 486 854 486 854
maru 550 857 550 857
maru 578 858 578 858
maru 612 856 612 856
maru 644 855 644 855
maru 710 853 710 853
maru 769 855 769 855
maru 804 859 804 859
maru 868 849 868 849
maru 937 855 937 855
maru 991 859 991 859
maru 1053 855 1053 855
maru 1123 857 1123 857
maru 133 1403 133 1403
maru 228 1400 228 1400
maru 385 1401 385 1401
maru 516 1422 516 1422
