check 2046 1417 2046 1417
check 2036 1002 2036 1002
check 1849 1227 1849 1227
check 2037 920 2037 920
check 2037 1856 2037 1856
check 2033 1960 2033 1960
check 2037 1087 2037 1087
check 2035 2064 2035 2064
check 2045 1606 2045 1606
check 983 2422 983 2422
maru 1103 322 1103 322
check 2038 2163 2038 2163
check 2044 1695 2044 1695
check 2041 2251 2041 2251
check 1575 724 1575 724
check 2039 1780 2039 1780
check 2041 2338 2041 2338
check 479 1224 479 1224
check 2045 1650 2045 1650
maru 645 371 645 371
