maru 945 326 945 326
maru 1076 323 1076 323
maru 1162 328 1162 328
maru 855 363 855 363
maru 410 523 410 523
maru 456 523 456 523
maru 1143 815 1143 815
maru 233 855 233 855
maru 297 858 297 858
maru 394 855 394 855
maru 487 851 487 851
maru 552 851 552 851
maru 647 861 647 861
maru 709 855 709 855
maru 774 855 774 855
maru 833 858 833 858
maru 900 858 900 858
maru 966 854 966 854
maru 1056 861 1056 861
maru 1152 853 1152 853
maru 137 1401 137 1401
maru 227 1403 227 1403
maru 396 1401 396 1401
maru 517 1419 517 1419
