check 999 411 999 412
check 287 165 287 165
check 856 489 857 489
check 970 1094 970 1094
check 853 335 853 336
check 856 561 856 561
check 1002 525 1002 525
check 285 205 286 206
check 973 999 973 999
check 865 239 865 240
check 505 212 506 212
check 391 506 391 507
check 970 1202 971 1202
check 443 324 444 324
check 283 387 284 387
check 965 643 966 643
check 248 820 248 821
check 858 270 858 270
check 280 263 281 264
check 850 1293 850 1294
check 284 295 284 295
check 286 1148 287 1148
check 509 1092 510 1093
