check 1961 830 1961 830
check 1761 713 1761 713
check 1157 1507 1157 1507
check 464 406 464 406
check 1299 1788 1299 1788
check 1462 1152 1462 1152
check 694 1154 694 1154
check 2224 2785 2224 2785
check 1030 2666 1030 2666
check 483 1505 483 1505
check 2211 2511 2211 2511
check 522 1007 522 1007
check 1021 884 1021 884
check 1032 1308 1032 1308
check 1024 575 1024 575
check 1369 2795 1369 2795
check 1696 2283 1696 2283
check 1907 1505 1907 1505
check 1369 1008 1369 1008
check 1954 1622 1954 1622
check 1024 1659 1024 1659
check 1948 537 1948 537
check 520 2790 520 2790
check 1691 2578 1691 2578
check 1957 2625 1957 2625
check 1292 2514 1292 2514
check 2043 2331 2043 2331
check 1910 1154 1910 1154
check 522 1792 522 1792
check 515 1445 515 1445
check 515 2511 515 2511
