check 1017 574 1017 574
check 854 386 854 386
check 855 657 855 657
check 853 575 853 575
check 281 275 281 275
check 280 401 280 401
check 391 491 391 491
check 393 457 393 457
check 250 866 250 866
check 859 253 859 253
check 855 926 855 926
check 968 1208 968 1208
check 966 921 966 921
check 281 369 281 369
check 967 1107 967 1107
check 971 1302 971 1302
check 286 1160 286 1160
check 971 282 971 282
check 280 176 280 176
check 278 462 278 462
check 854 507 854 507
check 996 542 996 542
check 853 470 853 470
check 961 1018 961 1018
check 855 349 855 349
