maru 784 329 784 329
maru 949 329 949 329
maru 1023 374 1023 374
maru 1161 374 1161 374
maru 405 529 405 529
maru 455 529 455 529
maru 1080 816 1080 816
maru 1146 854 1146 854
maru 358 854 358 854
maru 387 854 387 854
maru 487 859 487 859
maru 548 855 548 855
maru 578 855 578 855
maru 646 859 646 859
maru 708 853 708 853
maru 770 855 770 855
maru 831 855 831 855
maru 866 849 866 849
maru 928 858 928 858
maru 1056 853 1056 853
maru 1088 859 1088 859
maru 138 1399 138 1399
maru 227 1403 227 1403
maru 390 1402 390 1402
maru 515 1420 515 1420
