maru 997 1030 997 1030
maru 1042 880 1042 880
maru 997 915 997 915
maru 954 1478 954 1478
maru 995 1405 995 1405
maru 1041 1442 1041 1442
maru 954 318 954 318
maru 1085 804 1085 804
maru 949 1105 949 1105
maru 996 618 996 618
maru 911 353 911 353
maru 951 1254 951 1254
maru 950 203 950 203
maru 996 465 996 465
maru 995 544 995 544
maru 954 1362 954 1362
maru 996 767 996 767
maru 951 578 951 578
maru 1038 1517 1038 1517
maru 1042 843 1042 843
maru 1000 279 1000 279
maru 954 504 954 504
maru 953 1220 953 1220
maru 953 1180 953 1180
maru 1000 244 1000 244
