check 569 1927 569 1927
check 553 2480 553 2480
check 1203 3144 1203 3144
check 685 1849 685 1849
check 1166 2009 1166 2009
check 617 3135 617 3135
check 297 2882 297 2882
check 1711 2478 1711 2478
check 663 2630 663 2630
check 566 1697 566 1697
check 657 2566 657 2566
check 677 1772 677 1772
check 532 1139 532 1139
check 1575 3208 1575 3208
check 528 599 528 599
check 1551 2404 1551 2404
check 1408 3137 1408 3137
check 924 2483 924 2483
check 1542 2331 1542 2331
check 293 2255 293 2255
check 1192 3213 1192 3213
check 295 1470 295 1470
check 1562 3140 1562 3140
check 540 832 540 832
check 1409 3220 1409 3220
check 631 3197 631 3197
check 797 671 797 671
check 541 914 541 914
