maru 785 368 785 368
maru 947 326 947 326
maru 1166 368 1166 368
maru 1024 376 1024 376
maru 409 526 409 526
maru 460 532 460 532
maru 1079 817 1079 817
maru 388 854 388 854
maru 425 856 425 856
maru 456 857 456 857
maru 484 855 484 855
maru 520 859 520 859
maru 641 855 641 855
maru 674 856 674 856
maru 740 859 740 859
maru 862 858 862 858
maru 897 858 897 858
maru 932 858 932 858
maru 956 857 956 857
maru 997 860 997 860
maru 1058 860 1058 860
maru 1087 859 1087 859
maru 1122 857 1122 857
maru 1155 854 1155 854
maru 135 1403 135 1403
maru 226 1402 227 1402
maru 390 1401 390 1401
maru 516 1420 516 1420
