check 2038 908 2038 908
check 2039 1580 2039 1580
check 2036 1098 2036 1098
check 2038 1956 2038 1956
check 2036 1424 2036 1424
check 2038 1846 2038 1846
check 2043 1758 2043 1758
check 1852 1226 1852 1226
check 2045 1013 2045 1013
check 2038 1680 2038 1680
check 2045 2320 2045 2320
maru 1104 315 1104 315
check 2043 2071 2043 2071
check 2042 2147 2042 2147
check 985 2409 985 2409
check 1574 719 1574 719
maru 641 361 641 361
check 2041 2249 2041 2249
check 2042 1719 2042 1719
check 2039 1057 2039 1057
check 476 1221 476 1221
