check 275 184 275 184
check 278 284 278 284
check 275 344 275 344
check 279 408 279 408
check 274 470 274 470
check 387 469 387 469
check 851 254 851 254
check 851 315 851 315
check 849 393 849 393
check 853 473 853 473
check 849 505 849 505
check 849 543 849 543
check 998 539 998 539
check 851 579 851 579
check 1008 582 1008 582
check 849 660 849 660
check 421 866 421 866
check 853 926 853 926
check 962 931 962 931
check 399 1106 399 1106
check 851 1017 851 1017
check 849 1108 849 1108
check 956 1107 956 1107
check 854 1142 854 1142
check 1048 1138 1048 1138
check 961 1212 961 1212
check 848 1303 848 1303
check 856 1388 856 1388
