maru 1079 816 1079 817
maru 520 1419 521 1420
maru 867 856 867 856
maru 230 1402 231 1402
maru 644 855 645 856
maru 1163 365 1163 366
maru 930 855 930 856
maru 1119 856 1120 856
maru 388 1401 388 1402
maru 413 525 414 525
maru 486 855 487 856
maru 391 855 392 856
maru 993 855 993 856
maru 1018 374 1019 375
maru 135 1401 136 1402
maru 549 855 550 855
maru 491 524 492 524
maru 781 365 782 365
maru 707 855 708 856
maru 771 855 772 856
maru 202 855 202 856
maru 946 326 947 326
maru 424 855 425 856
maru 803 855 804 856
maru 358 855 359 856
maru 264 855 265 855
maru 1056 855 1056 856
maru 613 855 613 856
maru 580 855 580 856
maru 327 856 328 856
maru 233 855 233 856
maru 335 855 336 856
