check 2046 1417 2046 1417
check 2036 1001 2036 1002
check 1850 1227 1850 1227
check 2037 919 2038 920
check 2037 1855 2038 1856
check 2032 1961 2033 1961
check 2037 1087 2038 1087
check 2035 2064 2035 2065
check 2044 1606 2045 1607
check 983 2422 984 2423
maru 1103 322 1104 322
check 2038 2163 2039 2164
check 2043 1695 2044 1695
check 2041 2251 2041 2252
check 1575 724 1576 725
check 1418 717 1419 717
check 2039 1779 2040 1780
check 2041 2338 2041 2339
check 478 1224 479 1225
check 2045 1650 2045 1651
