maru 844 635 845 635
maru 742 668 743 668
maru 747 1482 748 1482
maru 848 702 848 703
maru 942 638 943 639
maru 843 988 843 989
maru 661 1343 661 1344
maru 942 955 943 955
maru 839 594 840 595
maru 524 1479 524 1479
maru 845 1025 846 1026
maru 840 920 840 920
maru 740 1243 741 1244
maru 465 375 466 376
maru 837 1272 837 1272
maru 202 1584 203 1584
maru 847 1060 847 1060
maru 755 741 755 742
maru 848 1374 848 1375
maru 478 343 478 343
maru 388 303 388 303
maru 1040 1315 1040 1315
maru 845 1024 845 1024
