maru 771 855 772 856
maru 550 855 550 856
maru 1163 330 1163 331
maru 961 855 962 856
maru 1072 327 1072 327
maru 644 855 644 856
maru 486 855 487 856
maru 1144 817 1145 818
maru 391 855 391 856
maru 835 855 835 856
maru 520 1419 521 1420
maru 230 1402 231 1402
maru 708 855 708 856
maru 388 1401 388 1402
maru 233 855 233 856
maru 854 366 854 367
maru 296 855 296 856
maru 898 856 898 856
maru 1151 856 1151 856
maru 135 1401 136 1402
maru 414 525 415 525
maru 1056 855 1056 856
maru 946 325 947 326
maru 455 525 456 526
