check 1961 830 1962 830
check 1761 713 1762 714
check 1157 1507 1157 1508
check 464 405 464 406
check 1298 1788 1299 1789
check 1461 1152 1462 1152
check 693 1154 694 1154
check 2223 2784 2224 2785
check 1030 2665 1030 2666
check 483 1505 484 1505
check 2211 2510 2212 2511
check 522 1006 522 1007
check 1021 884 1022 885
check 1032 1308 1033 1309
check 1023 575 1024 575
check 1369 2794 1370 2795
check 1696 2283 1696 2284
check 1906 1505 1907 1505
check 1368 1008 1369 1008
check 1954 1622 1955 1622
check 1023 1659 1024 1659
check 1947 537 1948 537
check 520 2789 521 2790
check 1691 2577 1692 2578
check 1957 2625 1957 2625
check 1292 2513 1293 2514
check 2042 2331 2043 2332
check 1910 1154 1911 1154
check 522 1791 522 1792
check 515 1444 515 1445
