check 2033 1434 2033 1435
check 1844 1223 1845 1223
check 2030 1958 2030 1958
check 2033 1762 2034 1763
check 2032 917 2032 918
check 2033 1842 2034 1843
check 2042 1087 2042 1088
check 2031 1591 2031 1592
check 2040 2061 2041 2061
check 1415 725 1415 725
check 2030 1681 2030 1681
check 2045 2321 2046 2321
check 986 2418 987 2418
check 2037 2156 2037 2157
check 2033 2250 2034 2251
check 2039 1019 2040 1019
maru 1099 317 1099 317
maru 631 368 632 369
check 954 1407 954 1407
check 475 1228 476 1228
