maru 1042 789 1043 789
check 1018 573 1018 574
check 854 386 855 386
check 855 657 855 657
check 853 575 853 576
check 281 275 281 275
check 280 401 281 401
check 391 491 392 491
check 393 457 394 457
check 250 865 250 866
check 859 253 859 253
check 855 926 855 926
check 968 1208 968 1209
check 966 921 967 921
check 281 369 281 370
check 967 1106 967 1107
check 970 1302 971 1302
check 286 1160 286 1160
check 970 282 971 283
check 280 176 281 177
check 277 463 278 463
check 854 506 854 507
check 996 541 996 542
check 853 470 854 471
check 961 1017 962 1018
check 854 349 855 349
