maru 487 855 487 856
maru 359 855 360 856
maru 771 855 771 856
maru 391 855 391 856
maru 644 855 645 856
maru 1079 816 1080 817
maru 520 1419 521 1420
maru 581 855 582 856
maru 929 855 929 856
maru 867 855 867 856
maru 230 1402 231 1402
maru 549 855 549 856
maru 707 855 708 856
maru 1163 365 1163 366
maru 388 1401 388 1402
maru 1018 374 1018 374
maru 135 1401 136 1402
maru 414 525 414 525
maru 782 329 783 330
maru 1152 855 1152 856
maru 833 855 834 856
maru 946 326 947 326
maru 456 525 456 525
maru 1088 856 1088 856
maru 1055 855 1056 855
maru 533 856 534 856
