maru 998 1030 998 1030
maru 1042 880 1042 880
maru 998 915 998 916
maru 954 1479 955 1479
maru 995 1405 995 1405
maru 1040 1442 1041 1442
maru 954 318 954 319
maru 1084 804 1085 804
maru 949 1104 950 1105
maru 996 617 997 618
maru 911 353 912 353
maru 951 1254 952 1254
maru 951 204 951 205
maru 996 465 996 466
maru 995 543 995 544
maru 954 1362 955 1363
maru 996 767 997 767
maru 951 577 952 578
maru 1038 1517 1039 1518
maru 1042 842 1042 843
maru 1000 279 1000 280
maru 954 504 955 505
maru 953 1220 954 1220
maru 953 1180 954 1180
maru 1000 244 1000 244
square_fill 123 1331 123 1331
maru 989 1053 989 1054
