check 569 1926 570 1927
check 553 2480 553 2480
check 1203 3144 1203 3144
check 685 1849 686 1850
check 1166 2009 1167 2010
check 617 3134 618 3135
check 297 2882 297 2882
check 1710 2477 1711 2478
check 662 2630 663 2630
check 566 1697 567 1697
check 657 2565 657 2566
check 676 1772 677 1773
check 528 1139 528 1140
check 1574 3208 1575 3208
check 524 596 524 596
check 1551 2404 1551 2404
check 1408 3137 1408 3137
check 924 2482 924 2483
check 1542 2331 1543 2331
check 293 2255 294 2255
check 1192 3213 1193 3213
check 294 1469 295 1470
check 1561 3139 1562 3140
check 530 828 530 829
check 1409 3220 1409 3221
check 631 3196 631 3197
check 797 671 797 671
