maru 732 1478 733 1479
maru 651 1016 652 1017
maru 644 1367 644 1368
maru 654 1053 654 1054
maru 323 1470 324 1470
maru 748 1231 749 1232
maru 570 374 571 375
maru 421 1476 421 1476
maru 846 1306 846 1307
maru 197 1572 198 1573
maru 480 335 480 336
maru 389 301 389 301
maru 927 305 927 305
maru 950 702 950 702
maru 840 1271 840 1271
maru 754 592 754 592
maru 852 635 852 635
maru 1041 1341 1041 1342
maru 1049 740 1050 740
maru 1049 667 1049 667
maru 1048 912 1049 912
maru_dash 339 1576 340 1576
maru 1046 952 1046 952
maru 1050 987 1051 988
maru 635 1577 636 1577
maru_dash 491 1579 492 1580
maru 826 1484 826 1484
