maru 520 1419 521 1420
maru 739 855 740 856
maru 1163 365 1163 366
maru 230 1402 231 1402
maru 676 855 676 856
maru 388 1401 388 1402
maru 1079 817 1080 818
maru 1018 374 1019 375
maru 135 1401 136 1402
maru 518 855 519 856
maru 781 365 782 365
maru 392 855 392 856
maru 453 855 454 856
maru 643 855 643 856
maru 413 525 414 525
maru 455 525 456 525
maru 946 326 947 326
maru 486 855 487 856
maru 424 856 424 856
maru 929 855 929 856
maru 897 855 897 856
maru 959 855 959 855
maru 993 855 993 855
maru 1142 855 1142 856
