check 2038 908 2038 909
check 2039 1580 2040 1580
check 2036 1098 2036 1099
check 2038 1955 2038 1956
check 2036 1424 2036 1424
check 2037 1846 2038 1846
check 2043 1759 2043 1759
check 1851 1225 1852 1226
check 2045 1013 2046 1013
check 2038 1680 2039 1681
check 2045 2320 2046 2320
maru 1104 315 1104 315
check 2043 2071 2043 2072
check 2042 2147 2042 2147
check 985 2409 986 2410
check 1573 718 1574 719
maru 641 360 641 361
check 2041 2248 2041 2249
check 2041 1718 2042 1719
check 2039 1057 2040 1057
