maru 577 1419 578 1420
maru 708 1588 708 1589
maru 840 1554 840 1555
maru 834 680 834 681
maru 704 1199 705 1200
maru 834 1241 835 1241
maru 831 940 831 940
maru 834 617 835 617
maru 704 584 704 584
maru 578 741 579 741
maru 708 709 709 709
maru 702 649 703 649
maru 412 215 412 215
maru 700 1392 701 1392
maru 702 1064 702 1065
maru 707 1033 707 1034
maru 708 880 709 880
maru 706 1359 707 1359
maru 705 1270 706 1271
maru 708 913 709 913
maru 701 971 701 972
maru 708 1004 709 1004
maru 705 1299 705 1299
maru 707 1328 707 1328
