check 276 183 277 183
check 966 1209 966 1210
check 856 313 856 314
check 854 1297 855 1298
check 854 1016 855 1016
check 860 1388 860 1388
check 850 254 851 254
check 387 465 387 466
check 424 864 425 864
check 275 405 276 406
check 1011 583 1011 584
check 273 344 273 344
check 850 389 850 389
check 269 468 269 469
check 277 281 278 281
check 854 576 854 576
check 850 540 851 540
check 849 499 849 499
check 997 541 998 542
check 857 926 858 927
check 850 472 850 472
check 848 657 849 657
check 844 1210 845 1210
check 963 930 964 930
check 1051 1137 1052 1137
