check 862 376 863 376
check 868 246 869 247
check 861 1205 862 1205
check 403 386 403 387
check 448 306 448 306
check 1000 529 1001 529
check 251 856 251 856
check 288 241 289 242
check 287 452 288 453
check 859 461 860 461
check 851 918 851 919
check 400 456 400 457
check 294 175 294 176
check 1049 1125 1050 1126
check 853 1103 854 1104
check 971 1294 971 1295
check 860 1010 860 1011
check 961 924 961 924
check 974 1100 975 1101
check 509 1097 510 1098
check 859 1131 860 1131
maru 1034 793 1034 794
