check 1855 1216 1855 1216
check 2037 1678 2038 1678
check 1861 2321 1861 2321
check 2036 1588 2037 1588
check 1850 904 1851 904
maru 1102 317 1103 317
check 2042 1438 2042 1438
check 2037 1763 2038 1763
maru 638 369 638 370
check 1420 714 1421 715
check 2036 2145 2036 2145
check 2035 1946 2035 1946
check 2038 2059 2039 2059
check 2036 2239 2036 2239
check 991 2416 992 2416
check 2037 1851 2037 1851
check 2040 1097 2040 1097
check 1850 1095 1850 1096
check 2037 907 2038 908
check 481 1226 482 1226
check 1848 1007 1848 1007
